[-120, -34, -478]
[-141, -25, -442]
[-98, -26, -432]
[-148, -14, -407]
[-147, -14, -397]
[-147, 43, -411]
[-148, 43, -387]
[-123, 111, -381]
[-111, 124, -359]
[-105, 171, -364]
[-102, 180, -349]
[-35, 171, -339]
[12, 152, -305]
[11, 134, -339]
[36, 143, -361]
[36, 104, -365]
[115, 144, -359]
[127, 144, -386]
[140, 91, -393]
[129, 91, -386]
[135, 12, -374]
[131, -9, -355]
[153, -9, -341]
[137, -25, -344]
[137, -108, -352]
[121, -109, -371]
[94, -151, -360]
[71, -105, -366]
[56, -171, -393]
[-2, -170, -395]
[-1, -98, -377]
[-51, -97, -361]
[-63, -135, -332]
[-63, -87, -351]
[-105, -96, -369]
[-130, -61, -375]
[-144, -60, -346]
[-121, -49, -338]
[-149, -29, -323]
[-152, -28, -339]
[-155, 6, -340]
[-164, 67, -276]
[-151, 86, -321]
[-121, 96, -327]
[-141, 129, -312]
[-140, 124, -301]
[-103, 124, -274]
[-142, 137, -243]
[-132, 148, -222]
[-130, 149, -221]
[29, 108, -238]
[54, 106, -237]
[54, 107, -238]
[59, 107, -249]
[59, 62, -267]
[62, 62, -279]
[127, 58, -296]
[117, 58, -300]
[132, -9, -288]
[143, -34, -233]
[123, -52, -247]
[134, -71, -292]
[133, -119, -295]
[132, -108, -305]
[84, -142, -320]
[84, -105, -282]
[59, -168, -285]
[11, -147, -306]
[-9, -187, -295]
[-10, -187, -295]
[-41, -108, -265]
[-41, -102, -276]
[-70, -102, -271]
[-119, -77, -248]
[-129, -85, -228]
[-129, -86, -225]
[-117, -7, -193]
[-118, 5, -191]
[-117, 48, -189]
[-116, 17, -171]
[-86, 75, -147]
[-84, 105, -155]
[-82, 141, -132]
[-81, 162, -111]
[-54, 162, -110]
[22, 105, -100]
[60, 121, -113]
[60, 124, -113]
[112, 91, -138]
[112, 90, -139]
[131, 21, -101]
[132, -1, -115]
[115, -31, -148]
[96, -81, -154]
[71, -103, -159]
[41, -113, -157]
[0, -125, -138]
[-30, -137, -151]
[-30, -143, -148]
[-94, -100, -146]
[-132, -47, -88]
[-125, -48, -90]
[-139, 7, -30]
[-142, 33, -74]
[-139, 78, -74]
[-78, 74, -75]
[-78, 89, -84]
[-42, 128, -72]
[-24, 145, -59]
[-23, 153, -53]
[57, 108, -52]
[76, 112, -12]
[76, 109, 8]
[94, 96, -3]
[93, 65, -21]
[114, 28, -47]
[118, 25, -49]
[123, -37, -77]
[120, -73, -87]
[98, -116, -91]
[97, -116, -89]
[26, -134, -80]
[25, -134, -79]
[-40, -68, -84]
[-66, -68, -80]
[-66, -108, -78]
[-100, -38, -51]
[-107, -7, -38]
[-99, 37, -43]
[-77, 19, -22]
[-78, 18, 0]
[-79, 87, 10]
[-79, 87, 10]
[-54, 92, 52]
[-53, 132, 47]
[17, 108, 9]
[17, 117, 26]
[60, 84, 5]
[84, 42, 35]
[115, 42, 25]
[129, 36, -1]
[128, -18, 18]
[108, -6, 55]
[109, -6, 56]
[65, -32, 19]
[48, -105, 39]
[48, -109, 52]
[-6, -114, 60]
[-5, -118, 59]
[-62, -123, 33]
[-62, -123, 46]
[-111, -23, 74]
[-111, -14, 83]
[-109, 10, 96]
[-104, 47, 98]
[-75, 69, 79]
[-75, 89, 105]
[-50, 91, 124]
[-5, 106, 103]
[-5, 88, 131]
[41, 107, 160]
[41, 108, 162]
[81, 60, 166]
[79, 60, 173]
[98, 58, 120]
[100, 11, 106]
[101, -23, 97]
[123, -61, 133]
[81, -63, 151]
[95, -112, 184]
[77, -106, 207]
[10, -127, 181]
[-19, -117, 183]
[-22, -116, 186]
[-26, -73, 175]
[-66, -79, 195]
[-96, -42, 200]
[-62, -43, 215]
[-101, 31, 238]
[-130, 47, 209]
[-130, 49, 180]
[-90, 60, 154]
[-88, 61, 154]
[-77, 73, 164]
[-5, 62, 175]
[10, 63, 174]
[14, 72, 218]
[14, 72, 216]
[66, 24, 214]
[84, 11, 201]
[89, 11, 189]
[122, -19, 211]
[106, -71, 241]
[66, -104, 240]
[37, -104, 245]
[36, -84, 245]
[-12, -87, 234]
[-16, -79, 243]
[-72, -80, 264]
[-73, -61, 269]
[-94, -60, 259]
[-94, 39, 228]
[-58, 74, 245]
[-39, 52, 254]
[10, 73, 294]
[30, 62, 269]
[43, 61, 252]
[38, 54, 287]
[85, 15, 294]
[115, -33, 275]
[83, -35, 317]
[83, -95, 313]
[73, -95, 289]
[9, -78, 267]
[9, -58, 280]
[-41, -22, 301]
[-46, -33, 327]
[-71, 33, 335]
[-75, 48, 330]
[-76, 49, 338]
[4, 73, 342]
[27, 74, 344]
[63, 76, 341]
[68, 58, 355]
[68, -7, 347]
[59, -10, 347]
[55, -77, 316]
[51, -77, 325]
[11, -79, 357]
[13, -39, 386]
[16, -39, 397]
[-26, 0, 399]
[-62, 1, 401]
[-62, 53, 391]
[-23, 74, 427]
[0, 74, 413]
[1, 52, 394]
[64, 32, 385]
[55, 28, 401]
[81, -38, 411]
[41, -39, 409]
[41, -42, 424]
[-18, -59, 451]
[-18, -58, 453]
[-17, 1, 398]
[-24, 2, 420]
[-22, 27, 425]
[37, 53, 428]
[37, 53, 439]
[54, 51, 447]
[15, 51, 464]
[-15, -24, 507]
[-16, -24, 526]
[-34, 34, 483]
[-47, 35, 459]
[-23, 35, 446]
[18, -1, 445]
[82, -31, 439]
[62, -44, 406]
[60, -45, 402]
[4, -65, 363]
[-11, -64, 360]
[-11, -52, 355]
[0, -52, 345]
[-47, -69, 334]
[-48, -71, 332]
[-55, -20, 313]
[-45, 20, 304]
[-34, 20, 277]
[-78, 86, 263]
[-79, 86, 248]
[-21, 91, 225]
[-6, 76, 222]
[49, 74, 225]
[48, 74, 225]
[81, 39, 203]
[81, 39, 165]
[83, 10, 170]
[98, -60, 145]
[85, -100, 145]
[80, -121, 140]
[17, -124, 150]
[17, -118, 150]
[-26, -116, 109]
[-26, -103, 108]
[-60, -103, 96]
[-122, -52, 86]
[-122, -21, 58]
[-102, -21, 66]
[-102, 41, 80]
[-103, 20, 60]
[-104, 79, 67]
[-85, 74, 67]
[-12, 74, 69]
[-11, 96, 76]
[32, 96, 99]
[32, 57, 93]
[28, 69, 83]
[100, 68, 95]
[100, 34, 73]
[99, -72, 27]
[74, -71, -16]
[44, -117, -23]
[8, -100, -23]
[8, -130, -8]
[-24, -130, 0]
[-83, -99, -4]
[-84, -99, -3]
[-115, -47, -2]
[-115, 10, 19]
[-134, 23, -11]
[-128, 38, -39]
[-138, 91, -27]
[-106, 94, -22]
[-105, 124, -19]
[-27, 89, -24]
[-27, 129, -26]
[42, 115, -48]
[44, 106, -57]
[82, 106, -79]
[118, 86, -110]
[123, 88, -123]
[105, 68, -146]
[123, 17, -188]
[123, -5, -214]
[140, -72, -239]
[139, -105, -236]
[134, -108, -236]
[121, -117, -238]
[28, -119, -259]
[29, -118, -256]
[-37, -150, -215]
[-63, -123, -188]
[-85, -99, -171]
[-88, -96, -163]
[-103, -91, -163]
[-120, -16, -155]
[-120, 22, -150]
[-124, 29, -183]
[-124, 52, -187]
[-111, 103, -206]
[-74, 128, -202]
[-39, 130, -196]
[0, 140, -191]
[36, 107, -162]
[38, 91, -178]
[92, 88, -208]
[92, 52, -220]
[116, 52, -215]
[110, -8, -190]
[100, -75, -191]
[92, -133, -190]
[87, -123, -192]
[11, -121, -198]
[12, -105, -182]
[-46, -149, -211]
[-47, -87, -204]
[-103, -112, -241]
[-110, -78, -258]
[-124, -29, -248]
[-124, 3, -246]
[-129, 35, -241]
[-135, 36, -245]
[-135, 80, -253]
[-102, 82, -254]
[-102, 120, -261]
[-48, 148, -270]
[-39, 167, -270]
[-35, 123, -272]
[37, 95, -250]
[44, 94, -215]
[46, 122, -210]
[62, 122, -166]
[115, 97, -133]
[85, 95, -99]
[86, 57, -96]
[109, 57, -101]
[103, -2, -68]
[103, -41, -66]
[100, -41, -37]
[80, -106, -13]
[28, -91, -3]
[8, -91, 10]
[2, -158, 35]
[0, -158, 35]
[-54, -146, 74]
[-49, -139, 90]
[-49, -86, 114]
[-75, -41, 120]
[-105, -65, 143]
[-104, -65, 147]
[-112, 2, 156]
[-133, 41, 202]
[-87, 70, 194]
[-87, 70, 195]
[-49, 53, 180]
[-48, 86, 169]
[21, 98, 176]
[22, 98, 180]
[38, 78, 184]
[-22, 80, 228]
[-60, 83, 280]
[-66, 51, 274]
[-66, 51, 286]
[-47, 2, 333]
[-87, -2, 388]
[-47, -33, 395]
[-48, -32, 411]
[-37, -4, 443]
[-39, -5, 509]
[-40, -27, 473]
[16, -27, 457]
[-12, -44, 419]
[-17, -43, 405]
[-15, -83, 356]
[-16, -82, 355]
[12, -105, 303]
[13, -105, 288]
[56, -90, 234]
[79, -56, 218]
[79, -56, 207]
[112, -40, 180]
[112, -9, 179]
[109, -10, 178]
[81, 64, 154]
[70, 63, 141]
[55, 56, 96]
[54, 100, 78]
[10, 99, 84]
[10, 98, 89]
[-51, 76, 48]
[-83, 79, 44]
[-85, 97, 28]
[-96, 49, 6]
[-124, 11, 55]
[-124, -20, 33]
[-126, -21, 19]
[-108, -46, 0]
[-107, -59, -48]
[-93, -88, -73]
[-90, -115, -52]
[-36, -117, -67]
[-18, -116, -79]
[0, -160, -65]
[1, -160, -72]
[93, -159, -98]
[73, -162, -113]
[95, -99, -141]
[104, -81, -141]
[152, -63, -104]
[151, -65, -108]
[106, 42, -102]
[121, 96, -80]
[69, 77, -76]
[71, 99, -105]
[40, 109, -120]
[14, 111, -106]
[14, 142, -90]
[-74, 129, -101]
[-74, 88, -93]
[-133, 76, -85]
[-117, 76, -101]
[-141, 42, -129]
[-142, 42, -129]
[-143, -38, -117]
[-120, -38, -133]
[-148, -34, -178]
[-133, -34, -200]
[-135, -70, -250]
[-124, -70, -266]
[-142, -115, -279]
[-143, -33, -302]
[-162, -5, -266]
[-164, 7, -244]
[-164, -22, -206]
[-164, -65, -200]
[-133, -65, -166]
[-133, -56, -146]
[-129, -35, -107]
[-150, -36, -93]
[-144, -50, -29]
[-144, -51, -26]
[-130, -38, 3]
[-98, -48, 50]
[-129, -72, 83]
[-83, -72, 96]
[-77, -80, 83]
[-65, -132, 70]
[-63, -132, 74]
[-34, -114, 64]
[50, -107, 53]
[50, -77, 51]
[84, -103, 44]
[84, -56, 20]
[122, -56, 11]
[128, -11, 20]
[100, -10, 11]
[164, 26, -10]
[165, 22, -45]
[152, 62, -67]
