[-478, -34, -120]
[-442, -25, -141]
[-432, -26, -98]
[-407, -14, -148]
[-397, -14, -147]
[-411, 43, -147]
[-387, 43, -148]
[-381, 111, -123]
[-359, 124, -111]
[-364, 171, -105]
[-349, 180, -102]
[-339, 171, -35]
[-305, 152, 12]
[-339, 134, 11]
[-361, 143, 36]
[-365, 104, 36]
[-359, 144, 115]
[-386, 144, 127]
[-393, 91, 140]
[-386, 91, 129]
[-374, 12, 135]
[-355, -9, 131]
[-341, -9, 153]
[-344, -25, 137]
[-352, -108, 137]
[-371, -109, 121]
[-360, -151, 94]
[-366, -105, 71]
[-393, -171, 56]
[-395, -170, -2]
[-377, -98, -1]
[-361, -97, -51]
[-332, -135, -63]
[-351, -87, -63]
[-369, -96, -105]
[-375, -61, -130]
[-346, -60, -144]
[-338, -49, -121]
[-323, -29, -149]
[-339, -28, -152]
[-340, 6, -155]
[-276, 67, -164]
[-321, 86, -151]
[-327, 96, -121]
[-312, 129, -141]
[-301, 124, -140]
[-274, 124, -103]
[-243, 137, -142]
[-222, 148, -132]
[-221, 149, -130]
[-238, 108, 29]
[-237, 106, 54]
[-238, 107, 54]
[-249, 107, 59]
[-267, 62, 59]
[-279, 62, 62]
[-296, 58, 127]
[-300, 58, 117]
[-288, -9, 132]
[-233, -34, 143]
[-247, -52, 123]
[-292, -71, 134]
[-295, -119, 133]
[-305, -108, 132]
[-320, -142, 84]
[-282, -105, 84]
[-285, -168, 59]
[-306, -147, 11]
[-295, -187, -9]
[-295, -187, -10]
[-265, -108, -41]
[-276, -102, -41]
[-271, -102, -70]
[-248, -77, -119]
[-228, -85, -129]
[-225, -86, -129]
[-193, -7, -117]
[-191, 5, -118]
[-189, 48, -117]
[-171, 17, -116]
[-147, 75, -86]
[-155, 105, -84]
[-132, 141, -82]
[-111, 162, -81]
[-110, 162, -54]
[-100, 105, 22]
[-113, 121, 60]
[-113, 124, 60]
[-138, 91, 112]
[-139, 90, 112]
[-101, 21, 131]
[-115, -1, 132]
[-148, -31, 115]
[-154, -81, 96]
[-159, -103, 71]
[-157, -113, 41]
[-138, -125, 0]
[-151, -137, -30]
[-148, -143, -30]
[-146, -100, -94]
[-88, -47, -132]
[-90, -48, -125]
[-30, 7, -139]
[-74, 33, -142]
[-74, 78, -139]
[-75, 74, -78]
[-84, 89, -78]
[-72, 128, -42]
[-59, 145, -24]
[-53, 153, -23]
[-52, 108, 57]
[-12, 112, 76]
[8, 109, 76]
[-3, 96, 94]
[-21, 65, 93]
[-47, 28, 114]
[-49, 25, 118]
[-77, -37, 123]
[-87, -73, 120]
[-91, -116, 98]
[-89, -116, 97]
[-80, -134, 26]
[-79, -134, 25]
[-84, -68, -40]
[-80, -68, -66]
[-78, -108, -66]
[-51, -38, -100]
[-38, -7, -107]
[-43, 37, -99]
[-22, 19, -77]
[0, 18, -78]
[10, 87, -79]
[10, 87, -79]
[52, 92, -54]
[47, 132, -53]
[9, 108, 17]
[26, 117, 17]
[5, 84, 60]
[35, 42, 84]
[25, 42, 115]
[-1, 36, 129]
[18, -18, 128]
[55, -6, 108]
[56, -6, 109]
[19, -32, 65]
[39, -105, 48]
[52, -109, 48]
[60, -114, -6]
[59, -118, -5]
[33, -123, -62]
[46, -123, -62]
[74, -23, -111]
[83, -14, -111]
[96, 10, -109]
[98, 47, -104]
[79, 69, -75]
[105, 89, -75]
[124, 91, -50]
[103, 106, -5]
[131, 88, -5]
[160, 107, 41]
[162, 108, 41]
[166, 60, 81]
[173, 60, 79]
[120, 58, 98]
[106, 11, 100]
[97, -23, 101]
[133, -61, 123]
[151, -63, 81]
[184, -112, 95]
[207, -106, 77]
[181, -127, 10]
[183, -117, -19]
[186, -116, -22]
[175, -73, -26]
[195, -79, -66]
[200, -42, -96]
[215, -43, -62]
[238, 31, -101]
[209, 47, -130]
[180, 49, -130]
[154, 60, -90]
[154, 61, -88]
[164, 73, -77]
[175, 62, -5]
[174, 63, 10]
[218, 72, 14]
[216, 72, 14]
[214, 24, 66]
[201, 11, 84]
[189, 11, 89]
[211, -19, 122]
[241, -71, 106]
[240, -104, 66]
[245, -104, 37]
[245, -84, 36]
[234, -87, -12]
[243, -79, -16]
[264, -80, -72]
[269, -61, -73]
[259, -60, -94]
[228, 39, -94]
[245, 74, -58]
[254, 52, -39]
[294, 73, 10]
[269, 62, 30]
[252, 61, 43]
[287, 54, 38]
[294, 15, 85]
[275, -33, 115]
[317, -35, 83]
[313, -95, 83]
[289, -95, 73]
[267, -78, 9]
[280, -58, 9]
[301, -22, -41]
[327, -33, -46]
[335, 33, -71]
[330, 48, -75]
[338, 49, -76]
[342, 73, 4]
[344, 74, 27]
[341, 76, 63]
[355, 58, 68]
[347, -7, 68]
[347, -10, 59]
[316, -77, 55]
[325, -77, 51]
[357, -79, 11]
[386, -39, 13]
[397, -39, 16]
[399, 0, -26]
[401, 1, -62]
[391, 53, -62]
[427, 74, -23]
[413, 74, 0]
[394, 52, 1]
[385, 32, 64]
[401, 28, 55]
[411, -38, 81]
[409, -39, 41]
[424, -42, 41]
[451, -59, -18]
[453, -58, -18]
[398, 1, -17]
[420, 2, -24]
[425, 27, -22]
[428, 53, 37]
[439, 53, 37]
[447, 51, 54]
[464, 51, 15]
[507, -24, -15]
[526, -24, -16]
[483, 34, -34]
[459, 35, -47]
[446, 35, -23]
[445, -1, 18]
[439, -31, 82]
[406, -44, 62]
[402, -45, 60]
[363, -65, 4]
[360, -64, -11]
[355, -52, -11]
[345, -52, 0]
[334, -69, -47]
[332, -71, -48]
[313, -20, -55]
[304, 20, -45]
[277, 20, -34]
[263, 86, -78]
[248, 86, -79]
[225, 91, -21]
[222, 76, -6]
[225, 74, 49]
[225, 74, 48]
[203, 39, 81]
[165, 39, 81]
[170, 10, 83]
[145, -60, 98]
[145, -100, 85]
[140, -121, 80]
[150, -124, 17]
[150, -118, 17]
[109, -116, -26]
[108, -103, -26]
[96, -103, -60]
[86, -52, -122]
[58, -21, -122]
[66, -21, -102]
[80, 41, -102]
[60, 20, -103]
[67, 79, -104]
[67, 74, -85]
[69, 74, -12]
[76, 96, -11]
[99, 96, 32]
[93, 57, 32]
[83, 69, 28]
[95, 68, 100]
[73, 34, 100]
[27, -72, 99]
[-16, -71, 74]
[-23, -117, 44]
[-23, -100, 8]
[-8, -130, 8]
[0, -130, -24]
[-4, -99, -83]
[-3, -99, -84]
[-2, -47, -115]
[19, 10, -115]
[-11, 23, -134]
[-39, 38, -128]
[-27, 91, -138]
[-22, 94, -106]
[-19, 124, -105]
[-24, 89, -27]
[-26, 129, -27]
[-48, 115, 42]
[-57, 106, 44]
[-79, 106, 82]
[-110, 86, 118]
[-123, 88, 123]
[-146, 68, 105]
[-188, 17, 123]
[-214, -5, 123]
[-239, -72, 140]
[-236, -105, 139]
[-236, -108, 134]
[-238, -117, 121]
[-259, -119, 28]
[-256, -118, 29]
[-215, -150, -37]
[-188, -123, -63]
[-171, -99, -85]
[-163, -96, -88]
[-163, -91, -103]
[-155, -16, -120]
[-150, 22, -120]
[-183, 29, -124]
[-187, 52, -124]
[-206, 103, -111]
[-202, 128, -74]
[-196, 130, -39]
[-191, 140, 0]
[-162, 107, 36]
[-178, 91, 38]
[-208, 88, 92]
[-220, 52, 92]
[-215, 52, 116]
[-190, -8, 110]
[-191, -75, 100]
[-190, -133, 92]
[-192, -123, 87]
[-198, -121, 11]
[-182, -105, 12]
[-211, -149, -46]
[-204, -87, -47]
[-241, -112, -103]
[-258, -78, -110]
[-248, -29, -124]
[-246, 3, -124]
[-241, 35, -129]
[-245, 36, -135]
[-253, 80, -135]
[-254, 82, -102]
[-261, 120, -102]
[-270, 148, -48]
[-270, 167, -39]
[-272, 123, -35]
[-250, 95, 37]
[-215, 94, 44]
[-210, 122, 46]
[-166, 122, 62]
[-133, 97, 115]
[-99, 95, 85]
[-96, 57, 86]
[-101, 57, 109]
[-68, -2, 103]
[-66, -41, 103]
[-37, -41, 100]
[-13, -106, 80]
[-3, -91, 28]
[10, -91, 8]
[35, -158, 2]
[35, -158, 0]
[74, -146, -54]
[90, -139, -49]
[114, -86, -49]
[120, -41, -75]
[143, -65, -105]
[147, -65, -104]
[156, 2, -112]
[202, 41, -133]
[194, 70, -87]
[195, 70, -87]
[180, 53, -49]
[169, 86, -48]
[176, 98, 21]
[180, 98, 22]
[184, 78, 38]
[228, 80, -22]
[280, 83, -60]
[274, 51, -66]
[286, 51, -66]
[333, 2, -47]
[388, -2, -87]
[395, -33, -47]
[411, -32, -48]
[443, -4, -37]
[509, -5, -39]
[473, -27, -40]
[457, -27, 16]
[419, -44, -12]
[405, -43, -17]
[356, -83, -15]
[355, -82, -16]
[303, -105, 12]
[288, -105, 13]
[234, -90, 56]
[218, -56, 79]
[207, -56, 79]
[180, -40, 112]
[179, -9, 112]
[178, -10, 109]
[154, 64, 81]
[141, 63, 70]
[96, 56, 55]
[78, 100, 54]
[84, 99, 10]
[89, 98, 10]
[48, 76, -51]
[44, 79, -83]
[28, 97, -85]
[6, 49, -96]
[55, 11, -124]
[33, -20, -124]
[19, -21, -126]
[0, -46, -108]
[-48, -59, -107]
[-73, -88, -93]
[-52, -115, -90]
[-67, -117, -36]
[-79, -116, -18]
[-65, -160, 0]
[-72, -160, 1]
[-98, -159, 93]
[-113, -162, 73]
[-141, -99, 95]
[-141, -81, 104]
[-104, -63, 152]
[-108, -65, 151]
[-102, 42, 106]
[-80, 96, 121]
[-76, 77, 69]
[-105, 99, 71]
[-120, 109, 40]
[-106, 111, 14]
[-90, 142, 14]
[-101, 129, -74]
[-93, 88, -74]
[-85, 76, -133]
[-101, 76, -117]
[-129, 42, -141]
[-129, 42, -142]
[-117, -38, -143]
[-133, -38, -120]
[-178, -34, -148]
[-200, -34, -133]
[-250, -70, -135]
[-266, -70, -124]
[-279, -115, -142]
[-302, -33, -143]
[-266, -5, -162]
[-244, 7, -164]
[-206, -22, -164]
[-200, -65, -164]
[-166, -65, -133]
[-146, -56, -133]
[-107, -35, -129]
[-93, -36, -150]
[-29, -50, -144]
[-26, -51, -144]
[3, -38, -130]
[50, -48, -98]
[83, -72, -129]
[96, -72, -83]
[83, -80, -77]
[70, -132, -65]
[74, -132, -63]
[64, -114, -34]
[53, -107, 50]
[51, -77, 50]
[44, -103, 84]
[20, -56, 84]
[11, -56, 122]
[20, -11, 128]
[11, -10, 100]
[-10, 26, 164]
[-45, 22, 165]
[-67, 62, 152]
