[242, -2, 209]
[199, -5, 209]
[176, -17, 209]
[150, 9, 158]
[101, 17, 194]
[74, 45, 147]
[22, 48, 135]
[-18, 48, 129]
[-71, -1, 124]
[-116, 0, 66]
[-138, 46, 66]
[-160, -11, 34]
[-164, 38, -101]
[-148, 17, -89]
[-141, -57, -61]
[-101, -56, -34]
[-82, -15, -105]
[-64, -46, -80]
[44, -53, -77]
[44, -37, -133]
[113, -40, -116]
[86, -41, -120]
[49, 39, -181]
[70, 107, -194]
[21, 109, -198]
[-27, 90, -199]
[-68, 74, -8]
[-84, 111, 54]
[-111, 62, 35]
[-135, -2, 35]
[-71, -27, 88]
[-76, -81, 96]
[-80, -81, 103]
[-123, -71, 99]
[-25, -123, 95]
[-13, -134, 91]
[16, -164, 88]
[65, -164, 84]
[87, -175, 80]
[87, -180, 77]
[98, -179, 73]
[99, -179, 69]
[49, -174, 65]
[48, -176, 62]
[-39, -141, 58]
[-42, -146, 54]
[-86, -134, 51]
[-41, 195, 50]
[-152, -80, -29]
[-171, 6, -36]
