[672, -101, -139]
[636, -102, -160]
[626, -8, -117]
[601, 4, -167]
[591, 4, -166]
[605, 62, -148]
[581, 62, -130]
[575, 130, -105]
[553, 39, -93]
[558, 190, -87]
[543, 199, -84]
[533, 190, -17]
[499, 138, 31]
[533, 87, 30]
[555, 104, 55]
[559, 86, 55]
[553, 126, 134]
[580, 126, 146]
[587, 73, 159]
[580, 73, 148]
[568, -6, 154]
[549, -28, 123]
[535, -28, 124]
[538, -44, 119]
[546, -127, 119]
[565, -128, 103]
[554, -170, 76]
[560, -174, 53]
[587, -190, 38]
[589, -189, -21]
[571, -80, -20]
[555, -79, -70]
[526, -181, -82]
[545, -136, -82]
[563, -137, -124]
[569, -43, -149]
[540, -42, -163]
[532, -31, -140]
[517, -11, -168]
[533, -10, -171]
[534, 25, -174]
[470, 86, -158]
[515, 2, -133]
[521, 115, -103]
[506, 148, -123]
[495, 143, -122]
[468, 143, -85]
[437, 156, -124]
[416, 167, -114]
[415, 168, -112]
[432, 90, 48]
[431, 88, 73]
[432, 89, 73]
[443, 89, 78]
[461, 31, 78]
[473, 22, 59]
[490, 40, 59]
[494, 40, 136]
[482, -28, 129]
[427, -53, 125]
[441, -71, 126]
[486, -90, 116]
[489, -138, 115]
[499, -127, 114]
[514, -161, 66]
[476, -124, 66]
[479, -187, 41]
[500, -166, -7]
[489, -206, -28]
[489, -206, -29]
[459, -159, -60]
[470, -161, -60]
[465, -84, -89]
[442, -59, -138]
[422, -67, -148]
[419, -68, -148]
[387, -65, -99]
[385, -66, -142]
[383, 67, -141]
[365, -1, -82]
[341, -2, -82]
[349, 124, -66]
[326, 160, -64]
[305, 181, -63]
[304, 101, -47]
[294, 87, 41]
[307, 103, 79]
[307, 106, 79]
[332, 73, 131]
[333, 72, 131]
[295, 3, 113]
[309, -20, 114]
[342, -50, 97]
[348, -100, 78]
[353, -122, 53]
[351, -132, 23]
[332, -144, -19]
[345, -156, -49]
[342, -162, -49]
[340, -82, -113]
[282, -85, -151]
[284, -84, -144]
[224, -58, -142]
[268, -57, -162]
[268, 97, -121]
[269, 15, -60]
[278, 15, -78]
[266, 84, -77]
[253, 85, -6]
[247, 109, -5]
[246, 90, 76]
[206, 94, 95]
[184, 91, 95]
[197, 78, 113]
[215, 47, 112]
[241, 10, 133]
[243, 7, 119]
[271, -56, 105]
[281, -92, 102]
[285, -135, 80]
[283, -135, 79]
[274, -153, 8]
[273, -153, 7]
[278, -50, -59]
[274, -50, -85]
[272, -90, -85]
[245, -20, -119]
[232, 11, -126]
[237, 56, -81]
[216, 1, -59]
[193, 0, -60]
[182, 36, -61]
[183, 36, -68]
[140, 111, -36]
[146, 101, -35]
[183, 88, 36]
[167, 68, 36]
[188, 66, 79]
[157, 24, 103]
[168, 24, 134]
[194, 18, 148]
[175, -37, 110]
[137, -25, 90]
[137, -25, 91]
[174, -51, 47]
[153, -124, 30]
[141, -130, 30]
[133, -137, -25]
[134, -143, -24]
[160, -150, -81]
[146, -75, -81]
[119, -59, -121]
[110, -59, -114]
[97, 29, -91]
[95, 66, -86]
[113, 88, -57]
[88, 108, -57]
[69, 110, -32]
[89, 71, 13]
[61, 107, 13]
[32, 89, 60]
[30, 90, 60]
[27, 42, 100]
[20, 42, 98]
[72, 40, 83]
[87, -7, 119]
[96, -42, 78]
[59, -80, 105]
[41, -82, 63]
[9, -131, 77]
[-14, -125, 59]
[11, -146, -8]
[9, -146, -38]
[7, -98, -41]
[18, -55, -45]
[-2, -61, -85]
[-7, -24, -115]
[-22, -25, -81]
[-45, 50, -83]
[-16, 66, -112]
[12, 68, -112]
[39, 17, -72]
[38, 17, -70]
[28, 92, -59]
[17, 44, -48]
[18, 45, 29]
[-25, 54, 33]
[-23, 54, 43]
[-21, 6, 48]
[-8, -7, 103]
[4, -7, 108]
[-18, -38, 104]
[-48, -90, 88]
[-47, -123, 48]
[-52, -123, 19]
[-52, -108, 18]
[-41, -112, -31]
[-50, -113, -35]
[-71, -62, -91]
[-76, -43, -92]
[-66, -42, -99]
[-35, 58, -76]
[-52, 93, -30]
[-61, 34, -29]
[-101, 55, 29]
[-76, 44, 49]
[-59, 43, 62]
[-94, 36, 57]
[-101, -3, 67]
[-82, -52, 97]
[-124, -54, 65]
[-120, -114, 65]
[-96, -114, 55]
[-74, -113, -9]
[-87, -77, -9]
[-108, -77, -60]
[-134, -15, -65]
[-142, 8, -53]
[-137, 22, -57]
[-145, 22, -58]
[-149, 55, 23]
[-151, 56, 46]
[-148, 58, 82]
[-162, 40, 50]
[-154, -26, 50]
[-154, -29, 41]
[-123, -96, 37]
[-132, -96, 33]
[-164, -65, -7]
[-193, -21, -5]
[-204, -21, -2]
[-206, -49, -45]
[-208, 20, -44]
[-198, 72, -44]
[-234, 58, -5]
[-220, 58, 18]
[-201, 34, 20]
[-192, 14, 74]
[-208, 10, 37]
[-218, -57, 63]
[-216, -58, 23]
[-231, -61, 23]
[-258, -61, -37]
[-260, -40, -37]
[-205, 20, -36]
[-227, 21, -6]
[-232, 28, -4]
[-235, 35, 56]
[-246, 35, 56]
[-254, 33, 73]
[-271, 33, 72]
[-314, -41, -34]
[-333, -35, -35]
[-290, 22, -16]
[-266, 22, -29]
[-253, 24, -5]
[-252, -20, 35]
[-246, -50, 64]
[-213, -63, 44]
[-209, -64, 42]
[-170, -47, -14]
[-167, -46, -30]
[-162, -34, -30]
[-152, -34, -19]
[-141, -87, -66]
[-139, -53, -67]
[-120, -2, -74]
[-111, 39, -64]
[-84, -4, -53]
[-70, 105, -60]
[-55, 105, -61]
[-32, 58, -40]
[-29, 58, 12]
[-32, 56, 68]
[-32, 56, 69]
[-10, 21, 100]
[27, 21, 81]
[23, -8, 65]
[48, -79, 80]
[48, -119, 67]
[53, -140, 62]
[43, -143, -1]
[43, -150, -1]
[83, -135, -45]
[84, -135, -45]
[97, -85, -79]
[106, -34, -132]
[135, -3, -148]
[127, -15, -84]
[112, -14, -84]
[132, -16, -97]
[125, 33, -86]
[125, 33, -67]
[123, 15, -31]
[116, 16, 7]
[93, 75, 51]
[99, 75, 51]
[110, 51, 29]
[97, 50, 119]
[119, 16, 80]
[166, -91, 81]
[210, -90, 56]
[217, -136, 26]
[217, -137, -10]
[202, -162, -10]
[192, -162, -43]
[197, -81, -102]
[197, -89, -103]
[196, -89, -134]
[174, 29, -134]
[205, -23, -116]
[233, 57, -110]
[221, 110, -120]
[216, 113, -88]
[213, 143, -87]
[218, 108, -9]
[220, 148, -9]
[242, 97, 61]
[251, 95, 63]
[273, 82, 101]
[304, 68, 137]
[317, 70, 142]
[340, 50, 124]
[382, -1, 142]
[408, -24, 105]
[433, -91, 122]
[430, -124, 121]
[430, -127, 116]
[432, -136, 103]
[453, -171, 10]
[450, -170, 11]
[409, -169, -56]
[382, -170, -82]
[365, -81, -104]
[357, -128, -107]
[357, -129, -109]
[349, -65, -139]
[344, -65, -139]
[377, 48, -106]
[381, 71, -106]
[400, 122, -93]
[396, 147, -56]
[390, 149, -21]
[385, 105, 18]
[356, 89, 55]
[372, 73, 57]
[402, 70, 111]
[414, 34, 111]
[409, 34, 135]
[384, -27, 103]
[385, -94, 82]
[384, -152, 74]
[386, -142, 69]
[392, -140, -7]
[376, -156, -6]
[405, -168, -65]
[398, -69, -66]
[435, -94, -122]
[452, -60, -129]
[442, -11, -143]
[440, 22, -143]
[435, 54, -148]
[439, 55, -132]
[447, 99, -111]
[448, 101, -110]
[455, 50, -84]
[464, 50, -30]
[464, 106, -21]
[466, 105, -17]
[444, 77, 56]
[409, 76, 63]
[404, 104, 65]
[360, 104, 81]
[327, 79, 134]
[293, 77, 104]
[290, 39, 91]
[295, 39, 91]
[262, -21, 74]
[260, -60, 111]
[231, -60, 82]
[207, -125, 62]
[197, -127, 10]
[183, -137, -10]
[157, -177, -16]
[157, -177, -19]
[118, -165, -73]
[102, -158, -68]
[78, -158, -68]
[73, -74, -94]
[49, -47, -124]
[45, -45, -123]
[36, 21, -94]
[-9, 60, -115]
[-1, 89, -69]
[-2, 35, -69]
[12, 35, -31]
[23, 57, -38]
[16, 80, 40]
[13, 80, 41]
[8, 60, 57]
[-35, 62, -4]
[-87, 102, -42]
[-81, 22, -48]
[-93, 22, -48]
[-140, 21, -29]
[-195, 16, -77]
[-202, -15, -66]
[-218, -14, -67]
[-250, 14, -46]
[-316, 13, -23]
[-280, -46, -22]
[-264, -47, -2]
[-226, -26, -31]
[-212, -25, -36]
[-163, -99, -34]
[-162, -98, -35]
[-110, -128, -6]
[-95, -109, -5]
[-41, -109, 38]
[-25, -75, 61]
[-14, -75, 61]
[13, -59, 94]
[13, -28, 94]
[14, -29, 124]
[38, 46, 100]
[52, 45, 80]
[96, 38, 47]
[115, 82, 73]
[109, 81, 29]
[104, 80, 29]
[145, 95, -33]
[148, 98, -65]
[165, 116, -67]
[186, -3, -62]
[138, 30, -106]
[159, -2, -134]
[174, -80, -145]
[194, -81, -127]
[242, -41, -126]
[267, -70, -112]
[246, -97, -109]
[261, -151, -55]
[273, -162, -37]
[259, -203, -18]
[266, -150, -17]
[292, -178, 75]
[307, -181, 55]
[335, -118, 77]
[335, -100, 86]
[298, -82, 134]
[302, -84, 133]
[296, 24, 88]
[274, 78, 140]
[270, 77, 88]
[299, 81, 90]
[314, 91, 59]
[300, 93, 33]
[284, 94, -44]
[295, 148, -56]
[287, 28, -56]
[279, 95, -82]
[295, 95, -99]
[323, 61, -123]
[323, 61, -124]
[311, -20, -162]
[327, -83, -139]
[372, -65, -130]
[394, -16, -129]
[444, -52, -154]
[460, -52, -143]
[473, -97, -161]
[496, -15, -162]
[460, -63, -144]
[438, -62, -146]
[400, -71, -146]
[394, -71, -183]
[360, -91, -152]
[340, -91, -152]
[301, -81, -148]
[287, -81, -169]
[223, -32, -163]
[220, -55, -163]
[189, -56, -149]
[143, -30, -117]
[109, -54, -148]
[97, -54, -102]
[110, -78, -96]
[123, -162, -84]
[118, -161, -82]
[129, -96, -53]
[140, -126, 32]
[141, -96, 32]
[149, -122, 66]
[172, -75, 66]
[181, -75, 104]
[172, -30, 110]
[182, -29, 114]
[204, 8, 146]
[239, 4, 147]
[261, 44, 134]
